Time  [ms],Memory Usage [KB],Time  [ms],Battery Power [uW] (Raw),Battery Power [uW] (Delta),Time  [ms],CPU Load [%]
40,2508480,41,0,0,38,8
136,2509504,137,0,0,135,24
236,2509856,237,0,0,235,22
341,2510072,342,0,0,339,17
442,2509484,443,0,0,439,7
540,2510736,541,0,0,539,16
639,2511540,640,0,0,639,15
745,2511344,746,0,0,743,13
793,2510232,794,0,0,792,28
893,2510232,895,0,0,891,25
991,2511152,992,0,0,990,31
1093,2511436,1093,0,0,1091,18
1198,2510848,1199,0,0,1195,11
1297,2510848,1298,336220,336220,1295,13
1393,2506808,1394,336220,336220,1392,20
1495,2507088,1496,336220,336220,1494,17
1597,2506896,1598,336220,336220,1596,12
1747,2506916,1748,336220,336220,1746,11
1847,2506856,1848,336220,336220,1846,12
1898,2506856,1899,336220,336220,1896,15
1997,2506464,1998,336220,336220,1996,11
2099,2506016,2100,336220,336220,2097,7
2198,2507300,2198,336220,336220,2197,16
2301,2506712,2302,336220,336220,2299,17
2402,2505928,2404,336220,336220,2400,15
2503,2506404,2504,336220,336220,2500,7
2600,2507056,2600,336220,336220,2599,16
2700,2507056,2701,336220,336220,2699,14
2806,2506272,2808,336220,336220,2803,11
2906,2506504,2907,336220,336220,2902,5
3001,2506972,3002,336220,336220,3000,20
3102,2513608,3102,336220,336220,3101,22
3202,2523328,3203,336220,336220,3200,18
3302,2514108,3302,336220,336220,3301,23
3403,2505332,3404,336220,336220,3402,16
3508,2504548,3509,336220,336220,3505,14
3607,2504800,3608,336220,336220,3604,7
3704,2505712,3704,336220,336220,3703,27
3804,2506136,3805,336220,336220,3803,26
3905,2506680,3905,336220,336220,3904,17
4007,2507340,4008,336220,336220,4006,24
4107,2508108,4107,336220,336220,4105,30
4208,2510072,4209,336220,336220,4207,28
4308,2509884,4308,336220,336220,4307,12
4408,2510132,4409,336220,336220,4408,20
4509,2505036,4509,336220,336220,4508,26
4609,2504444,4609,336220,336220,4608,19
4710,2504740,4710,336220,336220,4709,11
4811,2506064,4812,336220,336220,4810,16
4910,2506064,4910,336220,336220,4909,17
5010,2505100,5011,336220,336220,5009,5
5112,2505440,5112,336220,336220,5110,7
5212,2506096,5213,336220,336220,5211,17
5311,2506324,5312,336220,336220,5310,15
5412,2505920,5412,336220,336220,5411,3
5513,2506668,5513,336220,336220,5512,25
5613,2507180,5613,336220,336220,5612,26
5713,2507976,5713,336220,336220,5712,21
5813,2509416,5814,336220,336220,5812,22
5914,2510132,5914,336220,336220,5913,29
6014,2509908,6014,336220,336220,6013,22
6115,2505616,6115,336220,336220,6114,12
6215,2506856,6215,336220,336220,6214,34
6315,2507156,6315,336220,336220,6314,34
6416,2508200,6416,336220,336220,6415,18
6516,2511980,6516,336220,336220,6515,30
6616,2510776,6616,336220,336220,6615,32
6716,2508040,6716,336220,336220,6716,21
6817,2510224,6817,336220,336220,6816,33
6918,2510944,6918,336220,336220,6917,21
7017,2510140,7018,336220,336220,7017,23
7119,2510048,7120,336220,336220,7118,10
7219,2510772,7219,336220,336220,7218,17
7319,2510772,7319,336220,336220,7318,17
7419,2509988,7419,336220,336220,7418,11
7520,2510268,7521,336220,336220,7519,3
7621,2510832,7621,336220,336220,7620,15
7720,2510832,7720,336220,336220,7719,17
7820,2511180,7820,336220,336220,7820,21
7921,2512124,7921,336220,336220,7920,19
8021,2513716,8021,336220,336220,8020,29
8121,2515828,8122,336220,336220,8121,28
8222,2514208,8222,336220,336220,8221,23
8322,2515556,8322,336220,336220,8322,13
8423,2511968,8423,336220,336220,8422,29
8523,2512504,8524,336220,336220,8522,17
8623,2513620,8623,336220,336220,8622,23
8723,2515128,8723,336220,336220,8723,29
8824,2514640,8824,336220,336220,8823,21
8927,2518052,8927,336220,336220,8925,25
9026,2514576,9026,336220,336220,9025,37
9126,2515680,9126,336220,336220,9125,41
9226,2516528,9227,336220,336220,9226,26
9328,2517312,9328,336220,336220,9327,37
9428,2518784,9428,336220,336220,9427,37
9527,2517676,9528,336220,336220,9527,40
9628,2512776,9628,336220,336220,9627,20
9728,2515736,9729,336220,336220,9728,36
9829,2516480,9829,336220,336220,9829,34
9930,2517488,9930,336220,336220,9929,27
10031,2519260,10031,336220,336220,10030,31
10136,2521552,10137,336220,336220,10136,35
10237,2521160,10237,336220,336220,10236,12
10338,2516052,10338,336220,336220,10337,0
10438,2517108,10438,336220,336220,10437,20
10539,2517108,10539,336220,336220,10538,15
10638,2516324,10638,336220,336220,10637,16
10739,2516324,10739,336220,336220,10738,1
10841,2517104,10842,336220,336220,10839,15
10943,2517604,10945,336220,336220,10940,19
11040,2515160,11040,336220,336220,11039,19
11140,2514416,11140,336220,336220,11140,0
11240,2515160,11241,336220,336220,11240,18
11341,2515156,11342,336220,336220,11340,23
11441,2515216,11442,336220,336220,11441,29
11544,2515712,11545,336220,336220,11543,17
11642,2519628,11642,336220,336220,11641,53
11743,2526804,11744,336220,336220,11742,50
11843,2537748,11843,336220,336220,11842,66
11943,2545056,11944,336220,336220,11943,43
12045,2545364,12046,336220,336220,12044,36
12145,2553980,12145,336220,336220,12144,50
12245,2559808,12245,336220,336220,12244,40
12345,2563464,12345,336220,336220,12344,38
12445,2567508,12446,336220,336220,12445,36
12545,2569244,12546,336220,336220,12545,39
12646,2570776,12646,336220,336220,12645,46
12746,2572272,12746,336220,336220,12746,41
12847,2572636,12847,336220,336220,12846,47
12947,2557752,12947,336220,336220,12946,23
13048,2559144,13048,336220,336220,13047,28
13148,2561108,13148,336220,336220,13147,47
13248,2563360,13248,336220,336220,13247,40
13348,2565276,13349,336220,336220,13348,32
13449,2568428,13449,336220,336220,13448,35
13549,2570324,13550,336220,336220,13548,32
13650,2570680,13650,336220,336220,13649,33
13751,2571716,13751,336220,336220,13750,29
13851,2567616,13851,336220,336220,13850,30
13951,2567780,13952,336220,336220,13950,31
14053,2567688,14053,336220,336220,14052,13
14153,2568648,14153,336220,336220,14152,19
14252,2568760,14253,336220,336220,14252,23
14353,2568316,14353,336220,336220,14352,17
14453,2568372,14453,336220,336220,14452,0
14555,2568164,14556,336220,336220,14553,17
14658,2568472,14658,0,0,14655,19
14754,2568472,14755,0,0,14753,15
14855,2568260,14855,0,0,14854,19
14955,2569952,14955,0,0,14954,30
15055,2570400,15056,0,0,15054,30
15156,2570952,15156,0,0,15155,28
15256,2571784,15257,0,0,15256,30
15356,2573552,15356,0,0,15355,34
15457,2572472,15457,0,0,15456,35
15557,2567668,15557,0,0,15556,29
15658,2568188,15659,0,0,15657,18
15758,2568720,15758,0,0,15757,31
15858,2569688,15859,0,0,15857,31
15960,2569416,15961,0,0,15959,14
16060,2565704,16060,0,0,16059,23
16160,2566772,16161,0,0,16159,27
16260,2566772,16261,0,0,16259,23
16360,2566032,16361,0,0,16359,7
16461,2566748,16462,0,0,16460,12
16561,2567016,16562,0,0,16560,22
16661,2571028,16662,0,0,16660,35
16762,2563844,16762,0,0,16761,27
16862,2564788,16863,0,0,16861,31
16962,2565692,16963,0,0,16962,36
17063,2567072,17063,0,0,17062,43
17163,2565904,17164,0,0,17163,23
17264,2579908,17264,0,0,17264,33
17364,2563420,17365,0,0,17364,38
17465,2558684,17465,0,0,17464,12
17567,2558692,17567,0,0,17566,9
17668,2558556,17669,0,0,17666,33
17767,2558836,17767,0,0,17766,31
17868,2557472,17869,0,0,17867,14
17968,2560464,17969,0,0,17967,31
18069,2560980,18069,0,0,18067,18
18169,2561664,18169,0,0,18168,33
18269,2563428,18269,0,0,18268,26
18369,2563684,18370,0,0,18368,5
18470,2564596,18470,0,0,18469,16
18573,2564596,18575,0,0,18570,14
18670,2564596,18671,0,0,18669,20
18778,2563856,18780,0,0,18775,5
18873,2564316,18873,0,0,18871,17
18974,2564680,18975,0,0,18972,14
19074,2564536,19075,0,0,19073,18
19173,2564168,19174,0,0,19172,31
19274,2564540,19275,0,0,19273,22
19374,2565464,19375,0,0,19373,27
19476,2565952,19476,0,0,19474,28
19575,2565952,19576,0,0,19574,25
19680,2564908,19682,0,0,19677,4
19776,2565468,19777,0,0,19775,17
19878,2565564,19879,0,0,19876,16
19980,2565768,19981,0,0,19978,18
20080,2565216,20082,0,0,20079,21
20184,2565260,20186,0,0,20180,4
20279,2565764,20279,0,0,20277,18
20383,2565792,20384,0,0,20381,17
20482,2566040,20484,0,0,20480,21
20587,2565596,20590,0,0,20584,11
20683,2565892,20684,0,0,20681,12
20781,2565944,20781,0,0,20780,20
20885,2565944,20886,0,0,20883,20
20984,2564944,20985,0,0,20983,30
21084,2565080,21084,0,0,21082,18
21183,2566180,21183,0,0,21181,33
21283,2566264,21283,0,0,21282,30
21386,2566264,21387,0,0,21384,20
21488,2565376,21490,0,0,21486,8
21585,2565672,21586,0,0,21584,16
21686,2566212,21686,0,0,21684,16
21787,2566212,21788,0,0,21785,17
21889,2565468,21890,0,0,21887,15
21992,2565436,21994,0,0,21989,8
22087,2565736,22087,0,0,22086,23
22188,2565968,22189,0,0,22187,0
22291,2565968,22292,0,0,22290,17
22394,2565576,22395,0,0,22391,8
22492,2565576,22493,0,0,22490,12
22591,2566740,22591,0,0,22590,17
22693,2566740,22695,0,0,22691,15
22795,2565564,22797,0,0,22793,12
22895,2565564,22896,0,0,22893,6
22994,2566076,22995,0,0,22992,16
23100,2566068,23102,0,0,23096,19
23197,2566032,23199,0,0,23194,18
23299,2565812,23301,0,0,23296,5
23394,2566912,23395,0,0,23393,25
23495,2568180,23495,0,0,23494,28
23597,2568780,23598,0,0,23596,29
23699,2569648,23701,0,0,23697,15
23795,2571688,23795,0,0,23794,31
23895,2570316,23896,0,0,23895,27
23945,2570316,23946,0,0,23945,15
24046,2565428,24046,0,0,24045,6
24146,2566296,24146,0,0,24145,29
24246,2566764,24247,0,0,24246,31
24347,2566024,24347,0,0,24346,21
24448,2566068,24448,0,0,24447,18
24548,2568488,24548,0,0,24547,30
24647,2568640,24648,0,0,24647,26
24748,2568496,24748,0,0,24747,12
24849,2568708,24849,0,0,24848,2
24949,2569352,24949,0,0,24948,19
25049,2570236,25049,0,0,25048,26
25149,2571260,25149,0,0,25148,20
25250,2572024,25250,0,0,25249,18
25350,2574912,25350,0,0,25349,24
25451,2574912,25451,0,0,25450,14
25552,2574324,25552,0,0,25550,7
25653,2574324,25653,0,0,25651,9
25752,2574884,25753,0,0,25751,18
25853,2574884,25853,0,0,25852,18
25953,2574100,25954,0,0,25952,11
26057,2574148,26058,0,0,26055,5
26154,2572360,26154,0,0,26153,0
26254,2572716,26254,0,0,26254,22
26355,2572716,26355,0,0,26354,27
26455,2571976,26456,0,0,26455,21
26556,2572208,26557,0,0,26556,9
26656,2572912,26656,0,0,26655,21
26758,2572764,26758,0,0,26757,16
26858,2572764,26858,0,0,26857,17
26959,2572320,26960,0,0,26958,8
27062,2572212,27063,0,0,27061,11
27162,2572844,27163,0,0,27161,19
27263,2572844,27264,0,0,27262,21
27363,2573108,27363,0,0,27362,21
27463,2572660,27463,0,0,27462,10
27564,2572512,27565,0,0,27563,38
27664,2572936,27664,0,0,27663,20
27764,2573164,27765,0,0,27764,18
27865,2573164,27865,0,0,27864,17
27965,2572088,27965,0,0,27964,7
28066,2572968,28066,0,0,28065,28
28166,2573540,28166,0,0,28165,32
28266,2574036,28267,0,0,28266,35
28367,2574484,28367,0,0,28366,28
28469,2575804,28470,0,0,28468,20
28568,2577916,28569,0,0,28568,32
28669,2578416,28669,0,0,28668,62
28769,2578680,28769,0,0,28768,25
28869,2573848,28870,0,0,28869,19
28970,2576084,28970,0,0,28969,26
29070,2574984,29070,0,0,29069,28
29171,2575184,29171,0,0,29170,30
29271,2574000,29271,0,0,29270,16
29372,2574676,29372,0,0,29371,23
29473,2575112,29473,0,0,29471,20
29573,2575112,29573,0,0,29572,20
29673,2574664,29673,0,0,29672,15
29773,2574664,29773,0,0,29772,1
29874,2575240,29875,0,0,29873,16
29975,2575180,29975,0,0,29973,16
30074,2575300,30074,0,0,30073,16
30174,2574508,30175,0,0,30174,11
30276,2574740,30276,0,0,30275,5
30376,2574980,30377,0,0,30375,18
30478,2574980,30479,0,0,30477,15
30577,2574980,30577,0,0,30576,20
30677,2574320,30678,0,0,30676,15
30778,2574552,30778,0,0,30777,8
30878,2575680,30879,0,0,30877,18
30981,2575624,30981,0,0,30979,16
31079,2575780,31080,0,0,31078,21
31180,2571916,31180,0,0,31179,13
31281,2571916,31282,0,0,31280,4
31383,2572068,31383,0,0,31382,17
31484,2572192,31484,0,0,31482,22
31584,2572192,31584,0,0,31583,17
31684,2571748,31685,0,0,31684,14
31786,2571748,31787,0,0,31785,7
31886,2572460,31887,0,0,31885,20
31988,2572416,31989,0,0,31986,18
32087,2572352,32087,0,0,32086,26
32187,2572156,32187,0,0,32186,0
32288,2572632,32288,0,0,32287,6
32387,2573208,32387,0,0,32387,16
32488,2573012,32488,0,0,32487,15
32589,2573012,32589,0,0,32588,12
32691,2572424,32692,0,0,32690,7
32790,2573160,32791,0,0,32789,15
32890,2573620,32891,0,0,32889,27
32991,2574540,32991,0,0,32990,31
33091,2575096,33092,0,0,33090,20
33192,2577152,33192,0,0,33191,21
33292,2578148,33292,0,0,33291,39
33392,2574472,33393,0,0,33392,40
33493,2568584,33493,0,0,33492,12
33594,2569064,33594,0,0,33593,12
33694,2569092,33694,0,0,33693,22
33794,2568700,33794,0,0,33793,15
33895,2568296,33896,0,0,33894,6
33996,2568796,33996,0,0,33995,6
34095,2569360,34096,0,0,34094,18
34196,2569508,34196,0,0,34195,13
34296,2569116,34296,0,0,34295,11
34398,2569376,34398,0,0,34396,2
34497,2570296,34497,0,0,34496,23
34597,2571280,34597,0,0,34596,25
34697,2571880,34698,0,0,34697,26
34799,2572900,34800,0,0,34798,14
34898,2575420,34899,0,0,34897,33
34999,2573500,35000,0,0,34998,27
35099,2568712,35099,0,0,35098,20
35200,2568712,35201,0,0,35199,18
35300,2570204,35301,0,0,35299,27
35401,2573560,35401,0,0,35400,34
35502,2572756,35502,0,0,35501,30
35601,2574592,35602,0,0,35601,23
35702,2578492,35702,0,0,35701,32
35803,2580496,35803,0,0,35802,35
35903,2576388,35903,0,0,35902,37
36003,2576648,36003,0,0,36002,26
36104,2578444,36104,0,0,36103,20
36204,2580416,36205,0,0,36204,0
36304,2576684,36305,0,0,36304,45
36406,2576164,36406,0,0,36405,35
36509,2577712,36510,0,0,36507,24
36607,2580556,36608,0,0,36606,40
36707,2583780,36707,0,0,36706,37
36807,2578392,36807,0,0,36806,45
36910,2578596,36911,0,0,36909,43
37011,2579300,37013,0,0,37010,33
37110,2582448,37112,0,0,37109,43
37210,2585228,37211,0,0,37209,42
37310,2587296,37310,0,0,37309,41
37410,2580000,37410,0,0,37409,43
37516,2579764,37521,0,0,37513,40
37613,2582244,37614,0,0,37612,37
37713,2585432,37714,0,0,37711,44
37812,2584308,37813,0,0,37811,40
37914,2580056,37915,0,0,37913,36
38015,2580468,38016,0,0,38014,37
38114,2581416,38115,0,0,38113,28
38214,2581648,38215,0,0,38213,33
38315,2583476,38315,0,0,38314,30
38417,2583032,38418,0,0,38415,25
38516,2583292,38517,0,0,38515,29
38616,2582976,38616,0,0,38615,18
38717,2583544,38717,0,0,38715,16
38817,2583884,38817,0,0,38816,13
38920,2583736,38922,0,0,38918,18
39020,2583712,39022,0,0,39019,20
39122,2583836,39123,0,0,39119,21
39221,2584244,39222,0,0,39220,17
39319,2585688,39319,0,0,39318,30
39420,2586680,39421,0,0,39419,33
39523,2586680,39525,0,0,39521,35
39624,2587708,39627,0,0,39622,30
39729,2587684,39730,0,0,39724,40
39820,2589816,39821,0,0,39820,39
39921,2588168,39922,0,0,39920,39
40021,2588132,40021,0,0,40020,40
40121,2587984,40122,0,0,40120,41
40222,2590696,40222,0,0,40221,30
40322,2593328,40322,0,0,40321,42
40424,2595028,40425,0,0,40423,44
40524,2590760,40524,0,0,40523,46
40624,2589972,40624,0,0,40623,28
40725,2591956,40725,0,0,40724,17
40825,2594688,40825,0,0,40824,28
40927,2596140,40927,0,0,40926,30
41026,2591500,41026,0,0,41024,33
41125,2589656,41126,0,0,41125,37
41228,2589656,41229,0,0,41226,26
41327,2592024,41327,0,0,41325,32
41427,2594224,41427,0,0,41426,30
41527,2590828,41528,0,0,41526,40
41629,2589740,41630,0,0,41628,34
41730,2588660,41732,0,0,41728,37
41833,2590644,41836,0,0,41830,20
41929,2593188,41930,0,0,41928,43
42029,2596148,42030,0,0,42028,56
42130,2590012,42130,0,0,42129,45
42234,2590496,42235,0,0,42232,30
42334,2589020,42335,0,0,42332,34
42438,2585468,42440,0,0,42435,7
42533,2586084,42534,0,0,42532,20
42639,2586084,42642,0,0,42636,20
42735,2585640,42736,0,0,42733,25
42837,2585640,42838,0,0,42835,19
42938,2585344,42940,0,0,42936,18
43036,2584220,43036,0,0,43034,20
43136,2586992,43137,0,0,43135,25
43236,2588172,43237,0,0,43235,0
43336,2589216,43337,0,0,43335,38
43437,2589828,43438,0,0,43436,32
43537,2591420,43537,0,0,43536,37
43637,2590532,43638,0,0,43636,16
43740,2590780,43740,0,0,43738,3
43838,2592132,43839,0,0,43837,20
43939,2592032,43940,0,0,43938,26
44039,2592816,44039,0,0,44038,35
44141,2593100,44142,0,0,44139,35
44243,2592692,44244,0,0,44241,0
44346,2593436,44349,0,0,44343,21
44442,2595388,44442,0,0,44441,38
44541,2595500,44542,0,0,44540,36
44641,2595916,44642,0,0,44641,36
44742,2591032,44743,0,0,44741,23
44846,2590588,44848,0,0,44843,14
44942,2589844,44943,0,0,44942,24
45043,2590096,45043,0,0,45042,19
45143,2590196,45143,0,0,45143,15
45243,2589616,45244,0,0,45243,7
45344,2589944,45345,0,0,45344,6
45444,2589748,45445,0,0,45444,14
45545,2584864,45545,0,0,45544,17
45645,2584948,45645,0,0,45644,18
45746,2584208,45746,299272,299272,45745,9
45846,2585768,45847,299272,299272,45845,29
45947,2586656,45947,299272,299272,45946,32
46047,2584296,46048,299272,299272,46047,30
46150,2584124,46151,299272,299272,46147,24
46251,2586960,46251,299272,299272,46250,34
46349,2588640,46350,299272,299272,46349,31
46448,2587400,46449,299272,299272,46448,27
46549,2582100,46549,299272,299272,46548,22
46649,2581952,46650,299272,299272,46649,23
46750,2583736,46750,299272,299272,46749,42
46850,2586160,46851,299272,299272,46849,33
46951,2585928,46952,299272,299272,46950,36
47051,2586372,47052,299272,299272,47051,24
47151,2590120,47152,299272,299272,47151,42
47252,2591864,47252,299272,299272,47251,40
47352,2587420,47352,299272,299272,47351,47
47452,2587508,47453,299272,299272,47452,37
47553,2589244,47553,299272,299272,47552,29
47653,2591124,47654,299272,299272,47652,38
47754,2589648,47754,299272,299272,47753,46
47855,2588316,47855,299272,299272,47854,43
47955,2589376,47955,299272,299272,47954,36
48055,2591540,48055,299272,299272,48054,38
48156,2593804,48156,299272,299272,48155,0
48258,2594640,48259,299272,299272,48257,48
48357,2584284,48357,299272,299272,48356,56
48459,2584436,48460,299272,299272,48458,44
48561,2584472,48562,299272,299272,48559,40
48611,2585264,48612,299272,299272,48609,48
48710,2586852,48711,299272,299272,48709,49
48812,2588588,48813,299272,299272,48810,48
48911,2585484,48911,299272,299272,48910,55
49011,2586424,49012,299272,299272,49010,47
49111,2584236,49111,299272,299272,49110,45
49215,2585724,49216,299272,299272,49213,33
49313,2587140,49314,299272,299272,49312,51
49413,2589304,49414,299272,299272,49412,45
49514,2587484,49514,299272,299272,49512,62
49613,2585848,49614,299272,299272,49612,49
49716,2581012,49716,299272,299272,49714,44
49815,2583164,49815,299272,299272,49814,23
49916,2584060,49916,299272,299272,49914,37
50016,2584384,50016,299272,299272,50015,43
50118,2585084,50119,299272,299272,50116,34
50219,2584596,50220,299272,299272,50217,38
50319,2584504,50320,299272,299272,50317,40
50421,2583468,50422,299272,299272,50419,22
50520,2583912,50522,299272,299272,50519,15
50618,2584680,50619,299272,299272,50618,43
50722,2585584,50724,299272,299272,50720,33
50823,2585832,50824,299272,299272,50821,40
50923,2586712,50924,299272,299272,50921,38
51025,2586528,51027,299272,299272,51023,38
51126,2588064,51127,299272,299272,51123,24
51221,2590272,51221,299272,299272,51220,46
51323,2590380,51324,299272,299272,51322,40
51423,2590380,51424,299272,299272,51422,28
51525,2585200,51525,299272,299272,51523,33
51623,2585052,51624,299272,299272,51623,26
51724,2584012,51724,299272,299272,51723,1
51824,2584316,51825,299272,299272,51824,30
51925,2585212,51925,299272,299272,51924,21
52025,2585088,52025,299272,299272,52024,16
52125,2584940,52125,299272,299272,52124,20
52225,2584496,52225,299272,299272,52224,0
52326,2584496,52327,299272,299272,52325,5
52426,2585420,52427,299272,299272,52426,22
52526,2586216,52527,299272,299272,52525,26
52626,2586960,52627,299272,299272,52626,33
52727,2587012,52727,299272,299272,52726,24
52827,2587468,52827,299272,299272,52826,20
52927,2589644,52928,299272,299272,52927,40
53028,2591448,53028,299272,299272,53027,41
53128,2590652,53128,299272,299272,53127,30
53229,2585536,53229,299272,299272,53228,14
53329,2585772,53330,299272,299272,53329,33
53431,2581292,53431,299272,299272,53430,39
53530,2581540,53530,299272,299272,53529,34
53631,2580492,53631,299272,299272,53630,26
53731,2581704,53732,299272,299272,53731,21
53831,2582212,53831,299272,299272,53830,21
53932,2581980,53932,299272,299272,53931,16
54032,2581744,54032,299272,299272,54031,15
54134,2581176,54134,299272,299272,54133,8
54234,2581748,54235,299272,299272,54233,14
54335,2581900,54335,299272,299272,54334,16
54434,2582140,54435,299272,299272,54434,14
54535,2582196,54535,299272,299272,54534,16
54635,2581456,54635,299272,299272,54634,7
54736,2581708,54737,299272,299272,54735,11
54836,2582356,54836,299272,299272,54835,20
54936,2582476,54936,299272,299272,54935,15
55037,2582404,55037,299272,299272,55036,15
55137,2582224,55138,299272,299272,55136,7
55238,2582308,55239,299272,299272,55237,8
55339,2583676,55340,299272,299272,55338,23
55439,2583676,55440,299272,299272,55438,25
55540,2583676,55540,299272,299272,55539,29
55640,2582928,55640,299272,299272,55639,9
55741,2583428,55742,299272,299272,55740,13
55841,2584088,55842,299272,299272,55841,20
55944,2584088,55944,299272,299272,55943,20
56042,2583988,56043,299272,299272,56041,14
56142,2581440,56143,299272,299272,56142,23
56243,2581684,56244,299272,299272,56243,8
56344,2582288,56344,299272,299272,56343,20
56444,2582288,56445,299272,299272,56443,14
56544,2582140,56545,299272,299272,56544,20
56645,2581400,56645,299272,299272,56644,16
56747,2581252,56747,299272,299272,56745,4
56847,2582028,56847,299272,299272,56846,19
56948,2582400,56949,299272,299272,56946,17
57047,2582336,57047,299272,299272,57046,16
57147,2582472,57148,299272,299272,57146,20
57248,2581876,57249,299272,299272,57247,4
57349,2582140,57349,299272,299272,57348,16
57449,2582744,57449,299272,299272,57448,18
57549,2582744,57550,299272,299272,57548,18
57649,2582928,57650,299272,299272,57649,19
57750,2581736,57751,299272,299272,57749,8
57851,2581928,57852,299272,299272,57850,15
57952,2582160,57952,299272,299272,57951,20
58051,2582348,58052,299272,299272,58050,17
58152,2582468,58152,299272,299272,58151,24
58252,2581572,58253,299272,299272,58252,14
58354,2581572,58355,299272,299272,58353,12
58453,2582208,58454,299272,299272,58453,18
58555,2582260,58555,299272,299272,58553,16
58654,2582112,58654,299272,299272,58653,16
58754,2581520,58755,299272,299272,58754,14
58855,2581520,58856,299272,299272,58854,2
58956,2582076,58956,299272,299272,58955,16
59056,2582324,59056,299272,299272,59055,17
59156,2582528,59157,299272,299272,59155,18
59257,2582456,59257,299272,299272,59256,17
59358,2582012,59359,299272,299272,59357,4
59458,2582236,59459,299272,299272,59458,16
59558,2582492,59559,299272,299272,59558,18
59659,2582344,59660,299272,299272,59658,18
59759,2582344,59760,299272,299272,59758,19
59861,2582000,59861,299272,299272,59859,10
59961,2582248,59961,299272,299272,59960,10
60061,2582704,60061,299272,299272,60060,17
60164,2582848,60165,299272,299272,60162,16
60262,2582848,60262,299272,299272,60261,16
60362,2582108,60363,299272,299272,60361,17
60464,2582340,60464,299272,299272,60463,10
60564,2582760,60564,299272,299272,60563,15
60665,2582948,60666,299272,299272,60664,16
60764,2582948,60765,299272,299272,60763,18
60865,2582948,60865,299272,299272,60864,16
60965,2582104,60965,299272,299272,60964,2
61067,2578992,61068,299272,299272,61066,17
61167,2579792,61167,299272,299272,61166,18
61266,2580004,61267,299272,299272,61266,26
61367,2580636,61367,299272,299272,61366,30
61469,2580540,61469,299272,299272,61467,22
61569,2582240,61570,299272,299272,61568,23
61669,2583088,61669,299272,299272,61668,35
61768,2584560,61769,299272,299272,61768,30
61869,2584136,61869,299272,299272,61868,34
61971,2583552,61971,299272,299272,61969,5
62072,2578080,62072,299272,299272,62070,30
62170,2578624,62170,299272,299272,62170,26
62271,2578476,62271,299272,299272,62270,17
62371,2577884,62372,299272,299272,62371,10
62472,2577916,62473,299272,299272,62471,8
62572,2578832,62573,299272,299272,62572,20
62672,2578832,62672,299272,299272,62671,15
62772,2578832,62773,299272,299272,62772,20
62873,2578084,62873,299272,299272,62872,11
62975,2578244,62975,299272,299272,62974,7
63074,2578720,63074,299272,299272,63073,28
63174,2579780,63174,299272,299272,63173,30
63274,2580052,63275,299272,299272,63274,31
63375,2580056,63376,299272,299272,63374,14
63476,2581864,63476,299272,299272,63475,36
63576,2584124,63577,414488,414488,63576,39
63676,2582872,63677,414488,414488,63676,16
63777,2577248,63777,414488,414488,63776,10
63878,2576804,63878,414488,414488,63877,8
63977,2576492,63978,414488,414488,63977,17
64078,2576940,64078,414488,414488,64077,19
64178,2577024,64179,414488,414488,64178,14
64279,2576832,64280,414488,414488,64278,2
64379,2577072,64380,414488,414488,64379,14
64481,2577884,64481,414488,414488,64480,15
64580,2577984,64580,414488,414488,64579,17
64680,2577392,64680,414488,414488,64679,15
64780,2577244,64780,414488,414488,64779,2
64881,2579112,64881,414488,414488,64880,28
64981,2579980,64982,414488,414488,64980,31
65081,2580412,65082,414488,414488,65081,30
65182,2580188,65182,414488,414488,65181,28
65283,2582812,65283,414488,414488,65282,34
65383,2583008,65383,414488,414488,65382,48
65483,2584424,65483,414488,414488,65482,29
65583,2578880,65584,414488,414488,65583,28
65684,2578612,65685,414488,414488,65683,10
65784,2578772,65784,414488,414488,65783,27
65885,2578928,65886,414488,414488,65885,21
65985,2578896,65985,414488,414488,65984,34
66085,2578388,66086,414488,414488,66085,8
66186,2580156,66186,414488,414488,66185,37
66286,2580364,66286,414488,414488,66285,16
66386,2580424,66387,414488,414488,66386,22
66486,2582312,66487,414488,414488,66486,37
66588,2582972,66588,414488,414488,66587,5
66688,2583596,66689,414488,414488,66687,15
66791,2583752,66792,414488,414488,66789,17
66888,2583860,66889,414488,414488,66887,15
66989,2583120,66989,414488,414488,66988,13
67090,2583004,67090,414488,414488,67089,5
67190,2584104,67191,414488,414488,67189,15
67292,2583956,67293,414488,414488,67290,18
67391,2584056,67391,414488,414488,67390,18
67492,2583464,67492,414488,414488,67491,15
67593,2583156,67594,414488,414488,67592,9
67693,2584644,67693,414488,414488,67692,34
67793,2586140,67793,414488,414488,67792,29
67894,2586140,67894,414488,414488,67893,22
67994,2585468,67995,414488,414488,67994,19
68095,2585000,68096,414488,414488,68094,5
68196,2585820,68196,414488,414488,68195,14
68297,2586192,68297,414488,414488,68296,18
68397,2586436,68397,414488,414488,68396,18
68498,2586436,68498,414488,414488,68496,16
68598,2585992,68598,414488,414488,68597,2
68699,2585736,68699,414488,414488,68698,12
68799,2586032,68800,414488,414488,68798,17
68900,2586280,68900,414488,414488,68899,14
69000,2586268,69001,414488,414488,68999,18
69102,2585832,69103,414488,414488,69100,7
69202,2585848,69203,414488,414488,69201,13
69302,2586204,69302,414488,414488,69301,20
69402,2586204,69403,414488,414488,69401,18
69503,2586204,69504,414488,414488,69502,18
69606,2585908,69607,414488,414488,69604,5
69707,2586240,69707,414488,414488,69705,12
69805,2586620,69806,414488,414488,69804,17
69906,2586620,69906,414488,414488,69905,14
70006,2586516,70007,414488,414488,70005,16
70107,2586072,70107,414488,414488,70106,7
70208,2586216,70209,414488,414488,70207,11
70309,2586828,70309,414488,414488,70308,20
70412,2586976,70412,414488,414488,70409,14
70509,2586976,70509,414488,414488,70508,24
70609,2586088,70610,414488,414488,70608,14
70711,2586320,70712,414488,414488,70710,5
70811,2586760,70812,414488,414488,70810,21
70912,2586768,70913,414488,414488,70911,17
71011,2584540,71012,414488,414488,71010,25
71112,2584560,71112,414488,414488,71111,15
71213,2584532,71213,414488,414488,71211,8
71313,2584680,71314,414488,414488,71312,19
71413,2585020,71413,414488,414488,71412,15
71513,2585268,71514,414488,414488,71512,17
71614,2585600,71614,414488,414488,71613,26
71715,2585580,71715,414488,414488,71714,18
71816,2586760,71817,414488,414488,71814,27
71916,2586376,71916,414488,414488,71915,39
72019,2586468,72020,414488,414488,72017,37
72120,2587748,72121,414488,414488,72118,32
72219,2587808,72220,414488,414488,72217,20
72317,2587012,72317,414488,414488,72316,29
72417,2582612,72418,414488,414488,72416,31
72518,2581596,72518,414488,414488,72517,40
72618,2581512,72618,414488,414488,72617,29
72669,2582164,72670,414488,414488,72668,14
72768,2583384,72768,414488,414488,72767,39
72868,2583088,72868,414488,414488,72868,25
72968,2582956,72969,414488,414488,72968,21
73069,2582376,73069,414488,414488,73068,7
73170,2582660,73171,414488,414488,73169,4
73269,2583248,73270,414488,414488,73269,23
73370,2583248,73370,414488,414488,73369,16
73470,2583248,73471,414488,414488,73470,16
73571,2582652,73571,414488,414488,73570,5
73673,2582508,73673,414488,414488,73672,14
73772,2583016,73772,414488,414488,73771,16
73872,2582868,73872,414488,414488,73871,17
73973,2582600,73973,414488,414488,73972,20
74073,2582096,74073,414488,414488,74072,10
74175,2582224,74175,414488,414488,74174,13
74275,2582668,74276,414488,414488,74274,14
74379,2582668,74380,414488,414488,74376,16
74475,2582976,74476,414488,414488,74475,36
74576,2582384,74576,414488,414488,74576,29
74677,2582648,74678,414488,414488,74676,15
74777,2583580,74778,414488,414488,74777,19
74878,2583580,74878,414488,414488,74877,17
74978,2583372,74978,414488,414488,74977,20
75078,2582792,75079,414488,414488,75078,15
75180,2582844,75180,414488,414488,75179,4
75280,2583080,75280,414488,414488,75279,20
75381,2583448,75381,414488,414488,75380,22
75480,2583676,75481,414488,414488,75480,20
75581,2583676,75581,414488,414488,75580,18
75682,2582936,75682,414488,414488,75681,16
75783,2582936,75784,414488,414488,75782,16
75883,2584100,75884,414488,414488,75882,22
75984,2580588,75984,414488,414488,75983,20
76084,2580588,76084,414488,414488,76083,16
76184,2580160,76184,414488,414488,76183,11
76285,2580160,76285,414488,414488,76284,7
76385,2580452,76386,414488,414488,76384,22
76486,2580804,76487,414488,414488,76485,31
76586,2581548,76586,414488,414488,76585,29
76686,2582304,76686,414488,414488,76685,29
76788,2582492,76789,414488,414488,76787,17
76887,2584340,76888,600274,600274,76887,33
76988,2577936,76988,600274,600274,76987,37
77088,2578424,77088,600274,600274,77087,32
77189,2572800,77190,600274,600274,77188,26
77289,2572808,77290,600274,600274,77288,16
77389,2572304,77390,600274,600274,77389,17
77490,2572408,77490,600274,600274,77489,14
77590,2572408,77590,600274,600274,77589,16
77690,2572104,77691,600274,600274,77690,12
77792,2572428,77792,600274,600274,77790,8
77891,2573172,77892,600274,600274,77890,19
77992,2573060,77993,600274,600274,77991,16
78092,2573128,78093,600274,600274,78092,16
78193,2572804,78193,600274,600274,78192,18
78294,2573320,78294,600274,600274,78293,22
78394,2574876,78394,600274,600274,78393,32
78494,2575472,78495,600274,600274,78493,28
78594,2576428,78595,600274,600274,78594,34
78695,2578296,78695,600274,600274,78694,26
78795,2579044,78795,600274,600274,78794,23
78895,2579244,78896,600274,600274,78895,16
78996,2572820,78996,600274,600274,78995,19
79096,2572056,79096,600274,600274,79095,12
79198,2571864,79199,600274,600274,79197,7
79297,2572164,79297,600274,600274,79296,17
79397,2572464,79398,600274,600274,79396,16
79497,2572600,79498,600274,600274,79497,17
79598,2571848,79599,600274,600274,79597,4
79699,2572120,79699,600274,600274,79698,13
79799,2572720,79799,600274,600274,79798,15
79899,2573000,79899,600274,600274,79898,19
79999,2573240,79999,600274,600274,79998,23
80100,2573340,80100,600274,600274,80099,15
80200,2574412,80200,600274,600274,80199,30
80304,2575768,80305,600274,600274,80302,31
80401,2576880,80402,600274,600274,80401,47
80503,2577416,80503,600274,600274,80502,44
80604,2577184,80604,600274,600274,80603,24
80704,2572380,80704,600274,600274,80703,28
80804,2571796,80805,600274,600274,80804,24
80905,2571144,80905,600274,600274,80904,20
81005,2571440,81006,600274,600274,81005,11
81107,2572328,81107,600274,600274,81106,24
81206,2572380,81206,600274,600274,81205,19
81307,2572380,81307,600274,600274,81306,14
81407,2571492,81407,600274,600274,81406,8
81507,2571944,81507,600274,600274,81506,7
81607,2572544,81608,600274,600274,81606,17
81710,2573080,81711,600274,600274,81709,20
81808,2573528,81808,600274,600274,81807,33
81908,2573880,81909,600274,600274,81908,21
82009,2574424,82010,600274,600274,82008,23
82109,2575300,82109,600274,600274,82108,31
82210,2577188,82210,600274,600274,82209,40
82310,2577436,82310,600274,600274,82309,35
82410,2577004,82411,600274,600274,82410,26
82511,2574820,82511,600274,600274,82510,40
82611,2586268,82611,600274,600274,82610,40
82711,2617940,82712,600274,600274,82711,45
82812,2610444,82813,600274,600274,82811,32
82914,2610812,82915,600274,600274,82913,19
83015,2611636,83015,600274,600274,83014,30
83115,2611896,83115,600274,600274,83114,23
83214,2611896,83215,600274,600274,83214,22
83315,2611896,83315,600274,600274,83314,18
83416,2611452,83417,600274,600274,83415,6
83516,2612196,83517,600274,600274,83515,10
83617,2612300,83618,600274,600274,83616,16
83717,2612300,83717,600274,600274,83716,20
83817,2612300,83817,600274,600274,83816,15
83917,2611708,83918,600274,600274,83916,14
84019,2611456,84019,600274,600274,84018,7
84118,2611580,84119,600274,600274,84118,20
84218,2612048,84219,600274,600274,84218,27
84319,2612048,84319,600274,600274,84318,26
84420,2612048,84420,600274,600274,84419,29
84520,2611604,84520,600274,600274,84519,10
84621,2611680,84622,600274,600274,84620,13
84721,2612104,84722,600274,600274,84720,17
84822,2612104,84823,600274,600274,84821,20
84922,2612104,84922,600274,600274,84921,20
85022,2611976,85023,600274,600274,85022,19
85124,2611808,85124,600274,600274,85122,12
85224,2611808,85225,600274,600274,85223,10
85324,2612300,85325,600274,600274,85323,20
85426,2612300,85427,600274,600274,85425,15
85525,2612540,85525,600274,600274,85524,19
85626,2612540,85626,600274,600274,85625,16
85727,2611948,85727,600274,600274,85726,9
85827,2612488,85828,600274,600274,85826,8
85927,2612752,85927,600274,600274,85926,18
86031,2612788,86032,600274,600274,86028,15
86128,2610920,86128,600274,600274,86127,30
86228,2610920,86229,600274,600274,86227,18
86330,2610476,86331,600274,600274,86329,8
86429,2610736,86430,600274,600274,86429,13
86530,2611224,86530,600274,600274,86529,25
86630,2611680,86630,600274,600274,86629,29
86730,2612424,86731,600274,600274,86729,34
86831,2612724,86831,600274,600274,86830,32
86933,2614016,86933,600274,600274,86932,23
87033,2616084,87034,600274,600274,87032,35
87133,2616196,87133,600274,600274,87132,40
87234,2617352,87234,600274,600274,87233,36
87334,2615372,87335,600274,600274,87333,56
87434,2589516,87434,600274,600274,87433,39
87534,2590708,87535,600274,600274,87533,16
87634,2591160,87634,600274,600274,87633,23
87734,2594056,87735,600274,600274,87734,23
87835,2595152,87835,600274,600274,87834,29
87935,2595060,87935,600274,600274,87935,23
88037,2594708,88037,600274,600274,88036,4
88137,2594952,88138,600274,600274,88136,21
88236,2595516,88237,600274,600274,88236,19
88337,2595516,88337,600274,600274,88336,17
88437,2595516,88437,600274,600274,88436,16
88537,2595516,88538,600274,600274,88537,16
88638,2595592,88638,600274,600274,88637,13
88738,2595592,88738,600274,600274,88737,12
88839,2596492,88839,600274,600274,88838,17
88939,2596316,88939,600274,600274,88938,27
89039,2596216,89039,600274,600274,89038,29
89140,2596068,89140,600274,600274,89139,34
89240,2595920,89240,600274,600274,89240,17
89343,2595920,89344,600274,600274,89341,1
89442,2596352,89443,600274,600274,89441,24
89542,2596204,89542,600274,600274,89541,20
89642,2596464,89643,600274,600274,89642,20
89743,2596464,89743,600274,600274,89742,20
89844,2596728,89844,600274,600274,89843,19
89945,2595784,89945,600274,600274,89944,13
90046,2595816,90046,600274,600274,90045,14
90145,2596372,90146,600274,600274,90145,18
90247,2596632,90247,600274,600274,90246,20
90346,2596632,90347,600274,600274,90346,18
90447,2596632,90447,600274,600274,90446,17
90547,2596188,90548,600274,600274,90547,16
90648,2596188,90648,600274,600274,90647,2
90749,2596608,90749,600274,600274,90748,20
90849,2596756,90850,600274,600274,90848,17
90949,2596608,90950,600274,600274,90949,22
91050,2596644,91051,600274,600274,91050,19
91151,2593492,91151,600274,600274,91150,18
91252,2592628,91252,600274,600274,91251,15
91352,2593820,91352,600274,600274,91351,23
91452,2594688,91453,600274,600274,91452,31
91553,2595184,91553,600274,600274,91552,37
91653,2595680,91654,600274,600274,91653,34
91754,2597168,91754,600274,600274,91753,33
91854,2600364,91854,600274,600274,91853,28
91957,2606012,91957,600274,600274,91957,54
92058,2603360,92058,600274,600274,92057,30
92158,2603264,92158,600274,600274,92157,23
92258,2605988,92258,600274,600274,92258,30
92359,2605692,92359,600274,600274,92358,5
92459,2606176,92460,600274,600274,92459,10
92559,2606176,92560,600274,600274,92559,14
92660,2604548,92661,600274,600274,92660,18
92761,2604548,92761,600274,600274,92760,16
92861,2603800,92862,600274,600274,92860,15
92963,2604136,92963,600274,600274,92962,6
93063,2605004,93063,600274,600274,93062,20
93163,2605828,93163,600274,600274,93162,30
93263,2606572,93263,600274,600274,93262,36
93363,2607316,93364,600274,600274,93362,30
93467,2606824,93467,600274,600274,93465,20
93564,2608824,93565,600274,600274,93564,50
93665,2609056,93666,600274,600274,93664,44
93765,2612200,93766,600274,600274,93765,52
93866,2607572,93866,600274,600274,93865,44
93967,2607480,93968,600274,600274,93966,26
94066,2606996,94067,600274,600274,94066,18
94167,2610224,94168,600274,600274,94167,30
94268,2610856,94268,600274,600274,94267,16
94368,2610708,94368,600274,600274,94367,16
94468,2610708,94469,600274,600274,94468,14
94568,2610708,94569,600274,600274,94568,14
94669,2607896,94669,108624,108624,94668,9
94771,2608108,94772,108624,108624,94770,8
94820,2608268,94821,108624,108624,94819,26
94920,2608192,94921,108624,108624,94919,18
95020,2608204,95020,108624,108624,95019,14
95120,2608104,95121,108624,108624,95120,15
95221,2608084,95221,108624,108624,95220,15
95321,2607700,95322,108624,108624,95321,15
95422,2608396,95422,108624,108624,95421,22
95522,2609376,95522,108624,108624,95521,22
95622,2609376,95622,108624,108624,95621,23
95723,2609376,95723,108624,108624,95722,28
95823,2609624,95824,108624,108624,95823,15
95925,2608884,95925,108624,108624,95924,10
96025,2608856,96026,108624,108624,96024,8
96125,2609972,96125,108624,108624,96124,16
96226,2610464,96226,108624,108624,96225,20
96326,2610464,96326,108624,108624,96325,17
96426,2610464,96427,108624,108624,96426,16
96527,2609712,96527,108624,108624,96526,15
96629,2609712,96630,108624,108624,96628,1
96731,2609724,96731,108624,108624,96730,16
96832,2610616,96832,108624,108624,96831,18
96931,2610852,96932,108624,108624,96931,23
97032,2610404,97032,108624,108624,97031,19
97132,2610404,97132,108624,108624,97131,17
97234,2610700,97234,108624,108624,97233,20
97334,2621504,97334,108624,108624,97333,23
97434,2630640,97434,108624,108624,97433,29
97534,2609200,97534,108624,108624,97533,25
97635,2609200,97635,108624,108624,97634,21
97735,2609200,97735,108624,108624,97734,17
97836,2608956,97837,108624,108624,97835,14
97936,2610156,97936,108624,108624,97935,21
98038,2611384,98038,108624,108624,98037,30
98137,2612032,98138,108624,108624,98136,33
98238,2612528,98238,108624,108624,98237,34
98338,2613220,98338,108624,108624,98337,31
98440,2616332,98440,108624,108624,98438,25
98539,2622980,98539,108624,108624,98538,54
98642,2620384,98643,108624,108624,98640,36
98743,2620384,98743,108624,108624,98741,27
98841,2623256,98841,108624,108624,98840,32
98941,2622284,98941,108624,108624,98940,14
99041,2622216,99041,108624,108624,99041,4
99142,2622620,99142,108624,108624,99142,17
99242,2622620,99242,108624,108624,99241,17
99342,2622472,99343,108624,108624,99342,15
99443,2621880,99443,108624,108624,99442,20
99544,2621732,99545,108624,108624,99543,1
99644,2622636,99644,108624,108624,99643,20
99745,2623088,99745,108624,108624,99744,30
99844,2623660,99844,108624,108624,99843,30
99944,2623988,99945,108624,108624,99944,30
100045,2621844,100045,108624,108624,100044,22
100145,2624132,100145,108624,108624,100144,36
100245,2625828,100246,108624,108624,100245,30
100346,2625136,100346,108624,108624,100345,34
100446,2624124,100446,108624,108624,100445,51
100547,2625768,100547,108624,108624,100546,50
100647,2633304,100647,108624,108624,100646,49
100747,2639028,100748,108624,108624,100747,55
100848,2651356,100849,108624,108624,100847,40
100948,2650188,100949,108624,108624,100948,36
101049,2650088,101049,108624,108624,101048,25
101149,2649700,101150,108624,108624,101149,18
101250,2650684,101251,108624,108624,101249,23
101350,2651112,101350,108624,108624,101349,26
101451,2650964,101452,108624,108624,101450,25
101551,2650964,101552,108624,108624,101550,26
101652,2650964,101652,108624,108624,101651,26
101752,2650372,101752,108624,108624,101751,20
101853,2650608,101854,108624,108624,101852,26
101953,2650320,101953,108624,108624,101952,22
102054,2650436,102054,108624,108624,102053,28
102153,2650680,102154,108624,108624,102153,27
102254,2650084,102255,108624,108624,102253,0
102355,2649492,102356,108624,108624,102354,28
102455,2649676,102456,108624,108624,102454,23
102555,2650148,102556,108624,108624,102555,26
102656,2650148,102657,108624,108624,102655,20
102756,2645708,102757,108624,108624,102756,23
102857,2645708,102857,108624,108624,102856,18
102957,2645708,102958,108624,108624,102956,21
103063,2645176,103065,108624,108624,103061,19
103163,2645056,103164,108624,108624,103160,5
103261,2645744,103262,108624,108624,103260,24
103363,2645800,103364,108624,108624,103361,20
103462,2645652,103463,108624,108624,103460,24
103564,2645652,103565,108624,108624,103562,19
103667,2645652,103669,108624,108624,103664,22
103766,2645652,103768,108624,108624,103764,24
103867,2645060,103869,108624,108624,103865,18
103968,2645060,103970,108624,108624,103965,6
104064,2645880,104064,108624,108624,104063,21
104169,2645928,104170,108624,108624,104166,19
104268,2646176,104269,108624,108624,104266,22
104369,2646176,104370,108624,108624,104366,21
104468,2646884,104469,108624,108624,104467,28
104568,2647380,104569,108624,108624,104567,36
104673,2647432,104674,108624,108624,104670,22
104770,2648800,104771,108624,108624,104769,40
104870,2649580,104870,108624,108624,104869,39
104975,2649568,104978,108624,108624,104973,38
105074,2650984,105076,108624,108624,105072,40
105172,2649884,105173,108624,108624,105170,50
105272,2650760,105272,108624,108624,105271,0
105371,2651420,105371,108624,108624,105370,27
105471,2652972,105472,108624,108624,105471,19
105573,2653228,105573,108624,108624,105571,16
105672,2650560,105673,108624,108624,105671,23
105773,2650412,105773,108624,108624,105772,17
105873,2646860,105873,108624,108624,105872,16
105974,2646668,105974,108624,108624,105973,10
106074,2647388,106075,108624,108624,106073,15
106176,2647236,106176,108624,108624,106174,14
106274,2647456,106275,108624,108624,106274,16
106375,2647456,106375,108624,108624,106374,15
106475,2647328,106475,108624,108624,106474,28
106577,2647744,106578,108624,108624,106576,18
106676,2648884,106676,108624,108624,106675,29
106780,2648984,106781,108624,108624,106777,35
106877,2650800,106877,108624,108624,106876,50
106977,2650304,106978,108624,108624,106976,40
107078,2649420,107078,108624,108624,107077,20
107178,2644476,107179,108624,108624,107177,26
107279,2644944,107279,108624,108624,107278,28
107379,2645332,107380,108624,108624,107378,29
107479,2645680,107480,108624,108624,107479,25
107580,2645680,107580,108624,108624,107579,20
107680,2645224,107680,108624,108624,107679,4
107781,2646340,107782,108624,108624,107780,18
107881,2646340,107881,108624,108624,107880,17
107981,2646544,107982,0,0,107980,17
108082,2646368,108082,0,0,108080,16
108182,2646036,108182,0,0,108181,19
108283,2646440,108283,0,0,108282,20
108383,2648324,108383,0,0,108382,31
108483,2648920,108483,0,0,108482,33
108584,2649664,108584,0,0,108583,40
108684,2651348,108684,0,0,108683,43
108785,2649324,108785,0,0,108783,26
108885,2651044,108886,0,0,108884,28
108985,2646340,108985,0,0,108984,30
109085,2644864,109086,0,0,109084,29
109186,2641780,109186,0,0,109185,30
109286,2640744,109286,0,0,109285,16
109388,2641772,109388,0,0,109386,22
109487,2642608,109487,0,0,109486,24
109587,2642524,109588,0,0,109586,26
109688,2642524,109688,0,0,109687,19
109788,2641636,109789,0,0,109787,13
109889,2641488,109889,0,0,109888,4
109989,2643032,109989,0,0,109988,31
110089,2643896,110090,0,0,110088,32
110190,2644144,110190,0,0,110189,32
110290,2644468,110291,0,0,110289,0
110392,2645156,110393,0,0,110390,22
110492,2646912,110492,0,0,110490,56
110592,2646824,110593,0,0,110591,50
110692,2645344,110693,0,0,110691,32
110793,2640756,110793,0,0,110791,32
110893,2640756,110894,0,0,110892,29
110993,2639452,110994,0,0,110992,10
111094,2640136,111095,0,0,111093,30
111194,2640608,111195,0,0,111193,27
111294,2640608,111295,0,0,111293,30
111395,2640608,111395,0,0,111394,35
111495,2640900,111496,0,0,111494,33
111596,2640308,111596,0,0,111594,31
111696,2641140,111697,0,0,111695,29
111796,2642308,111797,0,0,111795,43
111897,2643884,111898,0,0,111896,70
111998,2644316,111999,0,0,111997,29
112098,2646408,112099,0,0,112097,70
112199,2669220,112199,0,0,112197,39
112300,2670640,112300,0,0,112298,50
112400,2671444,112401,0,0,112399,43
112502,2671444,112503,0,0,112500,29
112604,2671444,112606,0,0,112602,25
112705,2671600,112706,0,0,112702,26
112807,2671000,112809,0,0,112804,13
112905,2671256,112906,0,0,112902,11
113005,2671828,113007,0,0,113002,27
113109,2671876,113110,0,0,113106,26
113207,2671876,113208,0,0,113205,36
113308,2671868,113309,0,0,113306,38
113407,2671276,113408,0,0,113406,35
113512,2671276,113513,0,0,113509,5
113609,2671444,113609,0,0,113607,18
113712,2671848,113713,0,0,113708,18
113812,2671912,113814,0,0,113810,21
113913,2672068,113914,0,0,113910,26
114016,2672144,114018,0,0,114012,20
114113,2671360,114115,0,0,114111,25
114220,2671516,114221,0,0,114213,1
114313,2672020,114313,0,0,114311,33
114414,2672464,114415,0,0,114411,23
114514,2673896,114515,0,0,114512,25
114617,2672564,114618,0,0,114614,20
114716,2672416,114718,0,0,114714,23
114817,2671368,114818,0,0,114815,14
114918,2671864,114919,0,0,114915,13
115018,2672580,115019,0,0,115016,26
115118,2672836,115119,0,0,115115,22
115223,2673084,115224,0,0,115220,18
115319,2673084,115320,0,0,115317,0
115420,2672956,115421,0,0,115418,17
115522,2672512,115524,0,0,115519,10
115623,2673160,115624,0,0,115619,12
115719,2668668,115720,0,0,115718,24
115821,2668668,115822,0,0,115819,14
115923,2668668,115924,0,0,115920,18
116023,2668420,116025,0,0,116021,18
116073,2665964,116075,0,0,116071,37
116176,2665936,116177,0,0,116172,8
116272,2666860,116272,0,0,116270,21
116378,2666860,116379,0,0,116373,15
116477,2666860,116479,0,0,116474,22
116575,2666860,116576,0,0,116573,17
116678,2665968,116679,0,0,116675,17
116776,2665968,116777,0,0,116773,19
116874,2667420,116875,0,0,116873,30
116977,2667820,116979,0,0,116975,28
117078,2669084,117079,0,0,117076,32
117178,2668196,117180,0,0,117176,30
117279,2669544,117280,0,0,117276,21
117376,2670860,117377,0,0,117375,32
117476,2669796,117477,0,0,117475,37
117576,2641860,117576,0,0,117575,34
117676,2642176,117677,0,0,117676,33
117776,2641584,117777,0,0,117776,14
117879,2642512,117880,0,0,117878,27
117980,2643284,117980,0,0,117979,17
118080,2643280,118080,0,0,118079,18
118180,2643224,118180,0,0,118179,14
118280,2642216,118281,0,0,118280,12
118380,2642288,118380,0,0,118380,5
118481,2642800,118481,0,0,118480,18
118585,2642800,118586,0,0,118582,16
118682,2642800,118683,0,0,118681,15
118782,2642800,118783,0,0,118782,18
118883,2641912,118884,0,0,118882,8
118984,2642260,118985,0,0,118983,11
119084,2642488,119085,0,0,119083,19
119186,2642640,119186,0,0,119184,15
119285,2643152,119285,0,0,119284,31
119385,2643152,119386,0,0,119385,34
119487,2642560,119487,0,0,119486,27
119587,2643088,119587,0,0,119586,13
119687,2643492,119687,0,0,119686,17
119789,2643724,119789,0,0,119788,17
119888,2643920,119889,0,0,119888,22
119989,2643668,119990,0,0,119988,17
120090,2642764,120091,0,0,120089,7
120190,2643316,120191,0,0,120190,13
120291,2643700,120292,0,0,120290,20
120391,2643700,120391,0,0,120390,20
120492,2643700,120493,0,0,120492,15
120593,2643700,120593,0,0,120592,23
120693,2645288,120694,0,0,120693,14
120794,2658288,120795,0,0,120793,25
120894,2643564,120894,0,0,120893,27
120995,2643340,120995,0,0,120994,14
121095,2639868,121095,0,0,121094,16
121196,2639516,121196,0,0,121195,16
121297,2639516,121297,0,0,121296,4
121397,2640052,121397,0,0,121396,15
121498,2640052,121498,0,0,121497,17
121598,2640536,121598,0,0,121597,27
121698,2640932,121699,0,0,121697,30
121799,2641328,121799,0,0,121798,27
121900,2642320,121900,0,0,121899,23
122000,2643708,122000,0,0,121999,31
122100,2645040,122101,0,0,122100,32
122200,2644820,122200,0,0,122199,39
122302,2643784,122302,0,0,122300,28
122403,2639044,122404,0,0,122402,13
122501,2638924,122502,0,0,122501,29
122602,2639144,122602,0,0,122601,19
122702,2639192,122703,0,0,122702,19
122803,2639044,122803,0,0,122802,18
122904,2638736,122904,0,0,122903,5
123005,2639624,123006,0,0,123004,15
123104,2640232,123105,0,0,123104,14
123204,2640372,123205,0,0,123204,15
123305,2640372,123305,0,0,123304,15
123405,2640528,123405,0,0,123404,30
123507,2640864,123508,0,0,123506,14
123606,2642756,123606,0,0,123605,37
123707,2642604,123708,0,0,123706,29
123807,2644608,123807,0,0,123806,51
123907,2646076,123907,0,0,123906,39
124008,2644132,124008,0,0,124007,18
124108,2641024,124108,0,0,124107,37
124208,2642140,124208,0,0,124207,39
124308,2642072,124309,0,0,124308,26
124409,2641924,124409,0,0,124408,25
124509,2641244,124509,0,0,124508,18
124609,2641524,124610,0,0,124609,7
124710,2642308,124711,0,0,124709,19
124810,2642012,124811,0,0,124809,18
124910,2642012,124911,0,0,124910,16
125011,2641504,125011,0,0,125010,15
125113,2641408,125113,0,0,125111,1
125212,2642128,125213,0,0,125211,15
125313,2642084,125313,0,0,125312,0
125414,2641928,125415,0,0,125413,22
125513,2641928,125514,0,0,125512,22
125614,2641928,125614,0,0,125613,24
125714,2641188,125715,0,0,125713,16
125815,2642284,125816,0,0,125814,19
125915,2643080,125916,0,0,125914,31
126015,2643044,126016,0,0,126015,32
126116,2643332,126117,0,0,126115,23
126217,2643456,126217,0,0,126216,22
126317,2643456,126318,0,0,126316,0
126419,2643012,126419,0,0,126417,4
126519,2643408,126519,0,0,126518,14
126619,2643212,126619,0,0,126618,18
126720,2643460,126720,0,0,126719,14
126820,2643468,126820,0,0,126819,19
126920,2643468,126921,0,0,126919,21
127022,2643148,127023,0,0,127021,14
127122,2643360,127123,0,0,127121,11
127222,2644424,127223,0,0,127221,22
127323,2644424,127323,0,0,127322,17
127423,2644424,127423,0,0,127422,21
127523,2644424,127524,0,0,127522,15
127624,2643388,127624,0,0,127623,13
127725,2643820,127725,0,0,127724,11
127825,2644944,127825,0,0,127824,16
127927,2644944,127928,0,0,127925,16
128026,2644892,128026,0,0,128025,17
128126,2645564,128127,0,0,128125,30
128226,2645524,128227,0,0,128226,24
128327,2646532,128327,0,0,128326,29
128427,2647492,128427,0,0,128427,32
128528,2647740,128529,0,0,128527,29
128628,2650032,128628,0,0,128627,33
128728,2650536,128729,0,0,128728,42
128830,2649688,128830,0,0,128829,14
128930,2644268,128930,0,0,128929,21
129031,2644408,129031,0,0,129030,24
129131,2644164,129131,0,0,129130,17
129231,2644016,129231,0,0,129230,17
129331,2643868,129331,0,0,129330,11
129431,2643904,129432,0,0,129431,7
129532,2644532,129532,0,0,129531,18
129633,2644532,129633,0,0,129632,17
129733,2644684,129733,0,0,129732,17
129833,2644916,129833,0,0,129832,18
129934,2644244,129934,0,0,129933,11
130033,2645556,130034,0,0,130033,24
130134,2646072,130135,0,0,130134,31
130235,2646816,130235,0,0,130234,29
130335,2647712,130335,0,0,130334,41
130436,2648964,130436,0,0,130435,31
130536,2650112,130537,0,0,130536,17
130637,2650028,130638,0,0,130637,18
130737,2644032,130737,0,0,130736,21
130837,2644032,130838,0,0,130837,18
130937,2641368,130938,0,0,130937,12
131038,2641232,131038,0,0,131037,8
131139,2641912,131139,0,0,131138,16
131240,2641764,131240,0,0,131239,15
131339,2641764,131340,0,0,131338,17
131440,2641320,131440,0,0,131439,14
131540,2641320,131540,0,0,131539,1
131641,2642172,131641,0,0,131640,15
131740,2642988,131741,0,0,131740,27
131841,2643656,131841,0,0,131840,31
131941,2644152,131941,0,0,131940,32
132043,2643920,132043,0,0,132042,22
132142,2645608,132142,0,0,132141,36
132243,2645464,132243,0,0,132242,41
132343,2647224,132343,0,0,132342,34
132443,2644672,132443,0,0,132442,40
132544,2643636,132545,0,0,132543,13
132645,2642832,132645,0,0,132643,25
132745,2643724,132745,0,0,132744,28
132845,2643940,132845,0,0,132844,31
132946,2643984,132946,0,0,132944,28
133046,2643252,133046,0,0,133045,13
133146,2643408,133147,0,0,133145,9
133246,2644672,133247,0,0,133246,15
133347,2644844,133348,0,0,133346,16
133447,2645056,133447,0,0,133446,17
133547,2645028,133548,0,0,133546,16
133648,2644284,133648,0,0,133647,5
133748,2644740,133749,0,0,133747,11
133849,2644592,133849,0,0,133848,18
133949,2644544,133949,0,0,133948,20
134049,2645552,134050,0,0,134049,38
134150,2644944,134150,0,0,134149,26
134251,2644940,134252,0,0,134250,12
134351,2644828,134352,0,0,134350,0
134453,2645172,134453,0,0,134451,21
134553,2645172,134554,0,0,134552,23
134653,2645024,134653,0,0,134652,22
134754,2645272,134754,0,0,134752,20
134854,2645124,134854,0,0,134853,22
134955,2645168,134956,0,0,134954,3
135055,2645164,135056,0,0,135054,26
135156,2645188,135157,0,0,135155,17
135258,2645420,135259,0,0,135256,18
135357,2645372,135357,0,0,135356,0
135457,2645532,135458,0,0,135456,14
135558,2645088,135558,0,0,135557,13
135659,2645320,135660,0,0,135658,7
135759,2645784,135759,0,0,135758,18
135860,2646032,135860,0,0,135858,14
135960,2642520,135960,0,0,135959,17
136060,2642516,136061,0,0,136059,15
136161,2641900,136161,0,0,136160,15
136261,2642072,136261,0,0,136260,5
136363,2642364,136363,0,0,136361,18
136464,2642364,136464,0,0,136462,18
136563,2642364,136563,0,0,136562,15
136663,2642364,136664,0,0,136662,22
136764,2642216,136764,0,0,136763,7
136865,2642216,136865,0,0,136864,13
136965,2642764,136966,0,0,136964,15
137068,2642648,137069,0,0,137066,16
137166,2642792,137166,0,0,137165,17
137266,2642824,137266,0,0,137265,17
137366,2642232,137367,0,0,137366,9
137417,2642232,137418,0,0,137417,0
137518,2642480,137518,0,0,137517,17
137617,2642568,137618,0,0,137617,16
137719,2642768,137719,0,0,137718,17
137818,2642768,137819,0,0,137818,16
137919,2642768,137919,0,0,137918,15
138020,2642316,138021,0,0,138019,7
138121,2642656,138121,0,0,138120,18
138220,2643352,138221,0,0,138220,17
138322,2643352,138323,0,0,138321,16
138421,2643660,138422,0,0,138420,20
138521,2644180,138522,0,0,138521,31
138622,2644320,138622,0,0,138621,27
138723,2645560,138723,0,0,138722,24
138823,2646152,138823,0,0,138822,35
138923,2648524,138923,0,0,138922,31
139023,2648900,139024,0,0,139023,28
139124,2646748,139125,1550945,1550945,139124,54
139225,2641956,139225,1550945,1550945,139224,34
139326,2643400,139326,1550945,1550945,139325,29
139426,2643676,139426,1550945,1550945,139425,27
139526,2643572,139527,1550945,1550945,139526,26
139627,2642824,139627,1550945,1550945,139626,16
139727,2643292,139728,1550945,1550945,139727,2
139828,2643960,139829,1550945,1550945,139827,21
139928,2642376,139928,1550945,1550945,139927,28
140028,2642572,140028,1550945,1550945,140027,18
140128,2642540,140129,1550945,1550945,140127,17
140229,2641968,140230,1550945,1550945,140228,4
140329,2642408,140330,1550945,1550945,140329,15
140430,2642748,140430,1550945,1550945,140429,16
140534,2642600,140535,1550945,1550945,140531,17
140630,2642600,140631,1550945,1550945,140630,19
140731,2642600,140731,1550945,1550945,140730,16
140833,2642612,140833,1550945,1550945,140832,7
140932,2643520,140933,1550945,1550945,140932,28
141032,2643788,141033,1550945,1550945,141032,27
141133,2643776,141133,1550945,1550945,141132,30
141234,2643776,141234,1550945,1550945,141233,17
141334,2643332,141335,1550945,1550945,141334,18
141436,2643184,141437,1550945,1550945,141435,5
141536,2643320,141537,1550945,1550945,141536,17
141637,2643320,141637,1550945,1550945,141636,15
141737,2643320,141738,1550945,1550945,141737,18
141838,2643568,141838,1550945,1550945,141837,17
141938,2643420,141939,1550945,1550945,141937,18
142039,2643180,142040,1550945,1550945,142038,1
142139,2643516,142139,1550945,1550945,142138,16
142241,2643776,142241,1550945,1550945,142240,14
142341,2643776,142341,1550945,1550945,142340,17
142442,2643776,142442,1550945,1550945,142441,25
142542,2643480,142542,1550945,1550945,142541,18
142643,2643480,142643,1550945,1550945,142642,4
142743,2644216,142744,1550945,1550945,142742,21
142845,2644600,142845,1550945,1550945,142844,18
142945,2644548,142945,1550945,1550945,142944,14
143045,2644544,143046,1550945,1550945,143045,18
143146,2644156,143146,1550945,1550945,143145,16
143246,2644764,143247,1550945,1550945,143246,13
143347,2646188,143347,1550945,1550945,143346,30
143448,2646404,143448,1550945,1550945,143447,30
143548,2647396,143548,1550945,1550945,143547,30
143648,2647644,143649,1550945,1550945,143647,30
143749,2648572,143749,1550945,1550945,143748,20
143849,2649216,143849,1550945,1550945,143848,36
143949,2649580,143950,1550945,1550945,143949,23
144050,2645032,144050,1550945,1550945,144049,30
144150,2644904,144150,1550945,1550945,144150,29
144251,2644184,144251,1550945,1550945,144250,7
144352,2644800,144352,1550945,1550945,144351,7
144452,2644404,144452,1550945,1550945,144451,22
144552,2644256,144552,1550945,1550945,144551,19
144652,2644108,144653,1550945,1550945,144652,16
144753,2643812,144753,1550945,1550945,144752,16
144855,2644024,144855,1550945,1550945,144853,5
144954,2637692,144955,1550945,1550945,144953,20
145054,2637972,145054,1550945,1550945,145053,23
145154,2638748,145155,1550945,1550945,145154,28
145255,2639460,145255,1550945,1550945,145254,29
145357,2639956,145357,1550945,1550945,145356,20
145456,2640932,145456,1550945,1550945,145455,33
145556,2643552,145557,1550945,1550945,145556,38
145657,2643644,145657,1550945,1550945,145656,20
145757,2636984,145758,1550945,1550945,145757,17
145858,2636232,145858,1550945,1550945,145857,13
145959,2634232,145960,1550945,1550945,145958,5
146058,2633848,146059,1550945,1550945,146058,15
146159,2634300,146160,1550945,1550945,146158,17
146259,2634808,146259,1550945,1550945,146258,22
146359,2635084,146360,1550945,1550945,146359,17
146461,2634864,146461,1550945,1550945,146460,1
146562,2634856,146563,1550945,1550945,146561,18
146661,2635732,146661,1550945,1550945,146660,18
146761,2635584,146762,1550945,1550945,146760,19
146861,2636584,146862,1550945,1550945,146861,32
146962,2636256,146962,1550945,1550945,146961,25
147063,2636748,147064,1550945,1550945,147063,29
147164,2638520,147164,1550945,1550945,147163,33
147265,2639268,147265,1550945,1550945,147264,46
147367,2640880,,,,147366,45
